1403636582 -0.00502 0.00212 -0.11336 0.81675 0.04327 0.57397 -0.04002
1403636582 -0.00903 0.00201 -0.17466 0.82384 0.04040 0.56402 -0.03923
1403636582 -0.01304 0.00331 -0.22352 0.83274 0.04310 0.55059 -0.03916
1403636582 -0.01606 0.00713 -0.24740 0.83928 0.04768 0.53980 -0.04413
1403636582 -0.01275 0.01457 -0.19434 0.83621 0.05358 0.54319 -0.05322
1403636583 -0.00964 0.01668 -0.13490 0.82789 0.05558 0.55544 -0.05472
1403636583 -0.00648 0.01661 -0.06903 0.82317 0.05606 0.56263 -0.05195
1403636583 -0.00390 0.01487 -0.00309 0.82073 0.05423 0.56645 -0.05087
1403636583 0.00094 0.01108 0.06161 0.81658 0.04793 0.57299 -0.05078
1403636583 0.00565 0.00127 0.17009 0.79896 0.03624 0.59830 -0.04886
1403636583 0.00518 -0.00254 0.18908 0.79419 0.03816 0.60448 -0.04907
1403636583 0.00405 -0.00499 0.13552 0.79538 0.04314 0.60273 -0.04718
1403636583 0.00514 -0.00684 0.07819 0.79708 0.04712 0.59970 -0.05298
1403636584 0.00463 -0.00880 0.01160 0.79971 0.05380 0.59522 -0.05724
1403636584 0.00374 -0.01008 -0.05839 0.80503 0.05754 0.58785 -0.05513
1403636584 0.00102 -0.00942 -0.12675 0.81555 0.05869 0.57226 -0.06282
1403636584 -0.00293 -0.00851 -0.18513 0.82771 0.05777 0.55389 -0.06898
1403636584 -0.00717 -0.00806 -0.23086 0.83442 0.06179 0.54349 -0.06744
1403636584 -0.01186 -0.00567 -0.25797 0.83608 0.06984 0.53973 -0.06912
1403636584 -0.01457 -0.00263 -0.25947 0.83542 0.07518 0.53924 -0.07510
1403636584 -0.01271 -0.00133 -0.23181 0.83506 0.07792 0.53914 -0.07704
1403636584 -0.00938 -0.00065 -0.18266 0.83310 0.07814 0.54201 -0.07785
1403636584 -0.00301 -0.00197 -0.11988 0.83121 0.07931 0.54555 -0.07187
1403636585 0.00468 -0.00406 -0.04896 0.82689 0.07886 0.55277 -0.06691
1403636585 0.01655 -0.00703 0.09498 0.80735 0.06671 0.58294 -0.06251
1403636585 0.01776 -0.00816 0.15421 0.79721 0.06130 0.59759 -0.05981
1403636585 0.01587 -0.00859 0.19575 0.79077 0.05701 0.60619 -0.06298
1403636585 0.01780 -0.00916 0.16072 0.79562 0.04780 0.60091 -0.06011
1403636585 0.02032 -0.01149 0.11192 0.79885 0.04992 0.59723 -0.05161
1403636585 0.02195 -0.01408 0.05833 0.80207 0.05418 0.59310 -0.04454
1403636586 0.02041 -0.01515 0.00565 0.80759 0.06120 0.58469 -0.04684
1403636586 0.00072 -0.01848 -0.07148 0.82092 0.07547 0.56183 -0.06888
1403636586 -0.01036 -0.02040 -0.08752 0.82944 0.07612 0.54773 -0.07888
1403636586 -0.02074 -0.02180 -0.09166 0.83926 0.07599 0.53144 -0.08631
1403636586 -0.02809 -0.02328 -0.09048 0.85162 0.07242 0.51216 -0.08485
1403636586 -0.04089 -0.02069 -0.08180 0.87464 0.05772 0.47639 -0.06877
1403636586 -0.05019 -0.01912 -0.07784 0.88481 0.05499 0.45758 -0.06863
1403636586 -0.06112 -0.02048 -0.07550 0.89516 0.05160 0.43735 -0.06892
1403636587 -0.07712 -0.03176 -0.06997 0.90821 0.05626 0.40915 -0.06777
1403636587 -0.07140 -0.04959 -0.06363 0.90445 0.05742 0.41598 -0.07502
1403636587 -0.06036 -0.05495 -0.06463 0.89973 0.06771 0.42378 -0.07942
1403636587 -0.03781 -0.07277 -0.06642 0.90328 0.07376 0.41493 -0.08042
1403636587 -0.02656 -0.09134 -0.06778 0.90456 0.06957 0.41333 -0.07806
1403636588 -0.01508 -0.11659 -0.06926 0.90597 0.06454 0.41113 -0.07768
1403636588 0.00937 -0.18382 -0.06895 0.90473 0.05265 0.41599 -0.07515
1403636588 0.02226 -0.22018 -0.06801 0.90262 0.04435 0.42193 -0.07269
1403636588 0.03348 -0.25530 -0.07053 0.90324 0.03794 0.42176 -0.06956
1403636588 0.04264 -0.28766 -0.07582 0.90762 0.03246 0.41390 -0.06213
1403636588 0.05053 -0.31353 -0.08255 0.91133 0.02787 0.40629 -0.06027
1403636588 0.05683 -0.33286 -0.08878 0.91217 0.02898 0.40420 -0.06099
1403636589 0.04379 -0.30809 -0.08787 0.90927 0.03075 0.40920 -0.06963
1403636589 0.03317 -0.28188 -0.08638 0.91007 0.03596 0.40631 -0.07346
